94455.0
57505.0
20555.0
36840.0
53125.0
36840.0
53125.0
36840.0
53125.0
36840.0
53125.0
36840.0
53125.0
36840.0
53125.0
37570.5
22120.0
37622.5
22120.0
22068.0
22120.0
31815.0
41510.0
47317.5
53125.0
47317.5
41510.0
47317.5
41510.0
47317.5
41510.0
39168.5
41510.0
39168.5
41510.0
47317.5
41510.0
47317.5
41510.0
39168.5
41510.0
39168.5
36827.0
39168.5
36827.0
39168.5
36827.0
39168.5
41510.0
44245.5
46981.0
44245.5
41510.0
44245.5
41510.0
44245.5
46981.0
49140.0
51299.0
49140.0
46981.0
49140.0
51299.0
49140.0
46981.0
49140.0
46981.0
49140.0
48240.0
47610.5
46981.0
46412.0
45843.0
45663.5
45484.0
45663.5
45843.0
46412.0
46981.0
46412.0
45843.0
45663.5
45843.0
45663.5
45843.0
45663.5
45843.0
45663.5
45843.0
45663.5
45484.0
45327.0
45484.0
45327.0
45484.0
45327.0
45170.0
44585.5
45170.0
45327.0
45484.0
45327.0
45170.0
44585.5
45170.0
45327.0
45170.0
44585.5
44001.0
44585.5
45170.0
45327.0
45484.0
45663.5
45484.0
45663.5
45843.0
46412.0
45843.0
46412.0
45843.0
46412.0
45843.0
46412.0
46981.0
47270.5
47560.0
47270.5
46981.0
47270.5
47560.0
47590.0
47560.0
47270.5
46981.0
47270.5
47560.0
47270.5
46981.0
46412.0
45843.0
46412.0
46981.0
46412.0
46981.0
47270.5
47560.0
47590.0
47560.0
47282.5
47560.0
47590.0
47620.0
47930.0
47620.0
47930.0
48240.0
47930.0
48240.0
47930.0
47620.0
47930.0
47620.0
47590.0
47560.0
47590.0
47560.0
47590.0
47620.0
47930.0
48240.0
47930.0
48240.0
49132.0
48240.0
47930.0
48240.0
47930.0
47620.0
47930.0
47620.0
47930.0
48240.0
47930.0
48240.0
47930.0
48240.0
47930.0
48240.0
48633.5
49027.0
49525.5
50024.0
49525.5
49027.0
49525.5
50024.0
50661.5
51299.0
51304.5
51310.0
51399.5
51489.0
51399.5
51489.0
51399.5
51489.0
51399.5
51489.0
52307.0
51489.0
51399.5
51489.0
52307.0
53125.0
52307.0
51489.0
52307.0
53125.0
53243.0
53361.0
53505.0
53649.0
54281.0
54913.0
54281.0
54913.0
54281.0
53649.0
53635.5
53622.0
53635.5
53622.0
53491.5
53361.0
53243.0
53361.0
53491.5
53361.0
53491.5
53622.0
53491.5
53622.0
53491.5
53622.0
53635.5
53622.0
53635.5
53622.0
53491.5
53361.0
53243.0
53361.0
53491.5
53622.0
53635.5
53622.0
53635.5
53622.0
53491.5
53361.0
53491.5
53361.0
53491.5
53361.0
53243.0
53361.0
53243.0
53125.0
52345.5
53125.0
53243.0
53361.0
53491.5
53361.0
53243.0
53125.0
53243.0
53125.0
53243.0
53361.0
53491.5
53622.0
53635.5
53622.0
53635.5
53622.0
53635.5
53649.0
53944.5
53649.0
53944.5
53649.0
53635.5
53649.0
53944.5
53649.0
53944.5
54240.0
54576.5
54913.0
54944.5
54976.0
55073.0
54976.0
55073.0
54976.0
55073.0
54976.0
55073.0
55170.0
55073.0
54976.0
55073.0
54976.0
55073.0
54976.0
55073.0
54976.0
55073.0
54976.0
55073.0
55170.0
55073.0
55170.0
55315.5
55461.0
55315.5
55170.0
55315.5
55170.0
55073.0
55170.0
55315.5
55170.0
55073.0
55170.0
55315.5
55170.0
55073.0
54976.0
54944.5
54976.0
55073.0
54976.0
55073.0
54976.0
54944.5
54976.0
54944.5
54976.0
54944.5
54976.0
55073.0
54976.0
55073.0
54976.0
54944.5
54913.0
54944.5
54976.0
54944.5
54913.0
54576.5
54240.0
54576.5
54913.0
54576.5
54240.0
53946.0
54240.0
54576.5
54240.0
53946.0
54240.0
54576.5
54240.0
53946.0
54240.0
53946.0
54240.0
54576.5
54240.0
53946.0
54240.0
53946.0
53652.0
53650.5
53652.0
53650.5
53652.0
53650.5
53649.0
53635.5
53622.0
53491.5
53622.0
53635.5
53649.0
53635.5
53622.0
53491.5
53361.0
53491.5
53622.0
53635.5
53649.0
53635.5
53622.0
53491.5
53361.0
53243.0
53125.0
52349.0
52017.0
51795.0
51573.0
51795.0
51573.0
51570.5
51568.0
51567.0
51568.0
51570.5
51573.0
51570.5
51573.0
51570.5
51568.0
51570.5
51573.0
51795.0
51573.0
51570.5
51568.0
51570.5
51573.0
51570.5
51568.0
51567.0
51568.0
51570.5
51573.0
51570.5
51573.0
51570.5
51573.0
51570.5
51568.0
51567.0
51568.0
51570.5
51573.0
51795.0
51573.0
51570.5
51573.0
51570.5
51573.0
51795.0
51573.0
51795.0
51573.0
51795.0
52017.0
51795.0
52017.0
52392.0
52017.0
51795.0
52017.0
51795.0
52017.0
51795.0
51573.0
51795.0
51573.0
51570.5
51568.0
51570.5
51568.0
51570.5
51568.0
51570.5
51568.0
51570.5
51568.0
51570.5
51568.0
51567.0
51568.0
51570.5
51568.0
51567.0
51568.0
51570.5
51568.0
51567.0
51568.0
51570.5
51573.0
51795.0
51573.0
51570.5
51573.0
51795.0
51573.0
51570.5
51573.0
51570.5
51568.0
51567.0
51566.0
51567.0
51568.0
51567.0
51568.0
51567.0
51566.0
51527.5
51566.0
51527.5
51489.0
51527.5
51489.0
51527.5
51566.0
51567.0
51566.0
51567.0
51568.0
51570.5
51568.0
51570.5
51573.0
51570.5
51573.0
51795.0
52017.0
51795.0
51573.0
51795.0
52017.0
52366.5
52716.0
52741.5
52767.0
52741.5
52716.0
52366.5
52017.0
51795.0
51573.0
51570.5
51573.0
51795.0
51573.0
51570.5
51573.0
51570.5
51568.0
51570.5
51573.0
51611.5
51650.0
51611.5
51650.0
51833.5
52017.0
52366.5
52017.0
51833.5
52017.0
51833.5
52017.0
51833.5
52017.0
52366.5
52716.0
52366.5
52017.0
51833.5
51650.0
51833.5
52017.0
51833.5
52017.0
52366.5
52716.0
52741.5
52767.0
52815.0
52767.0
52741.5
52767.0
52741.5
52716.0
52366.5
52716.0
52366.5
52017.0
51833.5
52017.0
52366.5
52017.0
52366.5
52017.0
51833.5
51650.0
51611.5
51573.0
51570.5
51568.0
51570.5
51568.0
51567.0
51566.0
51567.0
51566.0
51527.5
51489.0
51527.5
51566.0
51567.0
51568.0
51567.0
51566.0
51527.5
51489.0
51465.0
51489.0
51465.0
51489.0
51465.0
51441.0
51465.0
51441.0
51465.0
51441.0
51404.5
51368.0
51404.5
51441.0
51465.0
51489.0
51527.5
51566.0
51527.5
51566.0
51567.0
51566.0
51527.5
51566.0
51527.5
51489.0
51527.5
51566.0
51527.5
51566.0
51527.5
51566.0
51527.5
51566.0
51527.5
51489.0
51465.0
51441.0
51404.5
51368.0
51339.0
51368.0
51339.0
51368.0
51404.5
51441.0
51465.0
51489.0
51527.5
51489.0
51527.5
51566.0
51527.5
51489.0
51465.0
51489.0
51465.0
51489.0
51527.5
51566.0
51567.0
51566.0
51567.0
51566.0
51567.0
51568.0
51567.0
51568.0
51567.0
51568.0
51567.0
51566.0
51527.5
51566.0
51567.0
51566.0
51527.5
51489.0
51465.0
51441.0
51404.5
51368.0
51404.5
51441.0
51404.5
51368.0
51404.5
51368.0
51339.0
51310.0
51304.5
51310.0
51339.0
51310.0
51304.5
51310.0
51339.0
51310.0
51339.0
51310.0
51304.5
51310.0
51339.0
51368.0
51339.0
51368.0
51404.5
51368.0
51404.5
51441.0
51404.5
51441.0
51404.5
51368.0
51339.0
51310.0
51304.5
51299.0
51304.5
51299.0
51215.0
51131.0
51089.0
51047.0
51044.5
51042.0
51044.5
51042.0
51037.0
51042.0
51044.5
51047.0
51089.0
51047.0
51044.5
51042.0
51044.5
51047.0
51044.5
51047.0
51044.5
51047.0
51044.5
51042.0
51044.5
51047.0
51089.0
51047.0
51089.0
51131.0
51215.0
51299.0
51215.0
51131.0
51215.0
51299.0
51215.0
51299.0
51215.0
51131.0
51089.0
51047.0
51044.5
51042.0
51044.5
51042.0
51037.0
51032.0
50958.5
50885.0
50825.5
50766.0
50542.5
50766.0
50825.5
50885.0
50958.5
51032.0
50958.5
51032.0
50958.5
51032.0
50958.5
51032.0
51037.0
51032.0
51037.0
51042.0
51037.0
51032.0
50958.5
51032.0
51037.0
51032.0
51037.0
51032.0
51037.0
51032.0
51037.0
51032.0
51037.0
51032.0
51037.0
51042.0
51037.0
51042.0
51044.5
51047.0
51044.5
51042.0
51044.5
51047.0
51044.5
51042.0
51044.5
51042.0
51044.5
51042.0
51037.0
51042.0
51037.0
51032.0
51037.0
51042.0
51044.5
51047.0
51044.5
51042.0
51044.5
51042.0
51037.0
51032.0
50958.5
50885.0
50825.5
50766.0
50825.5
50766.0
50542.5
50766.0
50825.5
50766.0
50825.5
50766.0
50542.5
50319.0
50542.5
50319.0
50542.5
50766.0
50542.5
50766.0
50825.5
50766.0
50825.5
50766.0
50825.5
50766.0
50825.5
50766.0
50542.5
50319.0
50542.5
50766.0
50542.5
50319.0
50264.5
50210.0
50264.5
50319.0
50542.5
50319.0
50542.5
50766.0
50542.5
50319.0
50542.5
50766.0
50825.5
50885.0
50958.5
50885.0
50958.5
51032.0
50958.5
51032.0
50958.5
50885.0
50825.5
50766.0
50542.5
50319.0
50264.5
50210.0
50176.0
50210.0
50264.5
50210.0
50264.5
50210.0
50264.5
50319.0
50264.5
50319.0
50264.5
50319.0
50264.5
50210.0
50264.5
50210.0
50176.0
50210.0
50176.0
50210.0
50176.0
50210.0
50264.5
50210.0
50264.5
50319.0
50542.5
50319.0
50264.5
50319.0
50542.5
50319.0
50542.5
50319.0
50542.5
50766.0
50825.5
50885.0
50958.5
50885.0
50825.5
50885.0
50825.5
50885.0
50958.5
50885.0
50958.5
51032.0
51033.5
51032.0
50958.5
51032.0
51033.5
51035.0
51033.5
51035.0
51038.5
51035.0
51033.5
51035.0
51033.5
51035.0
51033.5
51032.0
50958.5
50885.0
50825.5
50766.0
50825.5
50885.0
50958.5
51032.0
51033.5
51032.0
51033.5
51032.0
51033.5
